1.881305098533630371e+00
1.878402590751647949e+00
1.874154925346374512e+00
1.870053648948669434e+00
1.868176937103271484e+00
1.859832286834716797e+00
1.862057328224182129e+00
1.854256868362426758e+00
1.847329378128051758e+00
1.847158432006835938e+00
1.844322085380554199e+00
1.843630790710449219e+00
1.837946176528930664e+00
1.827854514122009277e+00
1.831461548805236816e+00
1.815881013870239258e+00
1.821585416793823242e+00
1.819795489311218262e+00
1.816540002822875977e+00
1.809396147727966309e+00
1.805174827575683594e+00
1.800954580307006836e+00
1.797753453254699707e+00
1.797366142272949219e+00
1.787445545196533203e+00
1.784882545471191406e+00
1.784238934516906738e+00
1.784001469612121582e+00
1.776206851005554199e+00
1.773709535598754883e+00
1.774515390396118164e+00
1.768598318099975586e+00
1.761332988739013672e+00
1.761183977127075195e+00
1.757437825202941895e+00
1.753099560737609863e+00
1.748474240303039551e+00
1.746086359024047852e+00
1.745367646217346191e+00
1.740277290344238281e+00
1.732398152351379395e+00
1.733254671096801758e+00
1.723867058753967285e+00
1.725638508796691895e+00
1.720711469650268555e+00
1.717253088951110840e+00
1.715948462486267090e+00
1.703903198242187500e+00
1.707726836204528809e+00
1.705943226814270020e+00
