1.793278932571411133e+00
1.771727442741394043e+00
1.752488493919372559e+00
1.741951227188110352e+00
1.730684518814086914e+00
1.707433581352233887e+00
1.696775436401367188e+00
1.683675289154052734e+00
1.660800576210021973e+00
1.652834296226501465e+00
1.645136117935180664e+00
1.627572774887084961e+00
1.609997510910034180e+00
1.592651486396789551e+00
1.579459190368652344e+00
1.568844914436340332e+00
1.557791709899902344e+00
1.540100932121276855e+00
1.524362206459045410e+00
1.513876914978027344e+00
1.503494262695312500e+00
1.488749742507934570e+00
1.479647755622863770e+00
1.461524844169616699e+00
1.450467467308044434e+00
1.432244777679443359e+00
1.424929738044738770e+00
1.409446239471435547e+00
1.401024937629699707e+00
1.382665991783142090e+00
1.376335024833679199e+00
1.361006379127502441e+00
1.346968293190002441e+00
1.338720679283142090e+00
1.324851751327514648e+00
1.318364024162292480e+00
1.303989887237548828e+00
1.294849157333374023e+00
1.271272540092468262e+00
1.271422743797302246e+00
1.261938214302062988e+00
1.248976826667785645e+00
1.235501766204833984e+00
1.224128842353820801e+00
1.210902333259582520e+00
1.201264023780822754e+00
1.195291876792907715e+00
1.176853895187377930e+00
1.171814441680908203e+00
1.159944534301757812e+00
